
 DIM 0.14597625 0.14517410 0.14507119

 v -2.65452 -2.57016 3.88357
 v -2.65452 -2.57016 4.02864
 v -2.65452 -2.57016 4.17371
 v -2.65452 -2.42498 4.02864
 v -2.65452 -2.42498 4.17371
 v -2.65452 -2.27981 4.02864
 v -2.50855 -2.57016 3.88357
 v -2.50855 -2.57016 4.02864
 v -2.50855 -2.57016 4.17371
 v -2.50855 -2.42498 3.88357
 v -2.50855 -2.42498 4.02864
 v -2.50855 -2.42498 4.17371
 v -2.50855 -2.27981 4.02864
 v -2.50855 -2.27981 4.17371
 v -2.50855 -2.13464 4.02864
 v -2.50855 -2.13464 4.17371
 v -2.36257 -2.57016 4.02864
 v -2.36257 -2.57016 4.17371
 v -2.36257 -2.42498 3.7385
 v -2.36257 -2.42498 3.88357
 v -2.36257 -2.42498 4.02864
 v -2.36257 -2.42498 4.17371
 v -2.36257 -2.27981 3.7385
 v -2.36257 -2.27981 3.88357
 v -2.36257 -2.27981 4.02864
 v -2.36257 -2.27981 4.17371
 v -2.36257 -2.13464 3.88357
 v -2.36257 -2.13464 4.02864
 v -2.36257 -2.13464 4.17371
 v -2.36257 -1.98946 4.02864
 v -2.36257 -1.98946 4.17371
 v -2.36257 -1.84429 4.02864
 v -2.2166 -2.42498 4.02864
 v -2.2166 -2.42498 4.17371
 v -2.2166 -2.27981 3.7385
 v -2.2166 -2.27981 3.88357
 v -2.2166 -2.27981 4.02864
 v -2.2166 -2.27981 4.17371
 v -2.2166 -2.13464 3.7385
 v -2.2166 -2.13464 3.88357
 v -2.2166 -2.13464 4.02864
 v -2.2166 -2.13464 4.17371
 v -2.2166 -1.98946 3.88357
 v -2.2166 -1.98946 4.02864
 v -2.2166 -1.98946 4.17371
 v -2.2166 -1.84429 4.02864
 v -2.2166 -1.84429 4.17371
 v -2.2166 -1.69911 4.17371
 v -2.2166 -1.55394 4.17371
 v -2.2166 -1.40876 0.111717
 v -2.2166 -1.40876 0.256788
 v -2.2166 -1.40876 0.401859
 v -2.07062 -2.42498 4.02864
 v -2.07062 -2.42498 4.17371
 v -2.07062 -2.27981 3.88357
 v -2.07062 -2.27981 4.02864
 v -2.07062 -2.27981 4.17371
 v -2.07062 -2.13464 3.59343
 v -2.07062 -2.13464 3.7385
 v -2.07062 -2.13464 3.88357
 v -2.07062 -2.13464 4.02864
 v -2.07062 -2.13464 4.17371
 v -2.07062 -1.98946 3.44835
 v -2.07062 -1.98946 3.59343
 v -2.07062 -1.98946 3.7385
 v -2.07062 -1.98946 3.88357
 v -2.07062 -1.98946 4.02864
 v -2.07062 -1.98946 4.17371
 v -2.07062 -1.84429 3.7385
 v -2.07062 -1.84429 3.88357
 v -2.07062 -1.84429 4.02864
 v -2.07062 -1.84429 4.17371
 v -2.07062 -1.69911 0.111717
 v -2.07062 -1.69911 0.256788
 v -2.07062 -1.69911 0.401859
 v -2.07062 -1.69911 0.54693
 v -2.07062 -1.69911 0.692001
 v -2.07062 -1.69911 0.837073
 v -2.07062 -1.69911 1.12722
 v -2.07062 -1.69911 1.27229
 v -2.07062 -1.69911 1.41736
 v -2.07062 -1.69911 1.56243
 v -2.07062 -1.69911 1.7075
 v -2.07062 -1.69911 1.85257
 v -2.07062 -1.69911 3.88357
 v -2.07062 -1.69911 4.02864
 v -2.07062 -1.69911 4.17371
 v -2.07062 -1.55394 0.111717
 v -2.07062 -1.55394 0.256788
 v -2.07062 -1.55394 0.401859
 v -2.07062 -1.55394 0.54693
 v -2.07062 -1.55394 0.692001
 v -2.07062 -1.55394 0.837073
 v -2.07062 -1.55394 0.982144
 v -2.07062 -1.55394 1.12722
 v -2.07062 -1.55394 1.27229
 v -2.07062 -1.55394 1.41736
 v -2.07062 -1.55394 1.56243
 v -2.07062 -1.55394 4.02864
 v -2.07062 -1.55394 4.17371
 v -2.07062 -1.40876 0.111717
 v -2.07062 -1.40876 0.256788
 v -2.07062 -1.40876 0.401859
 v -2.07062 -1.40876 0.54693
 v -2.07062 -1.40876 0.692001
 v -2.07062 -1.40876 0.837073
 v -2.07062 -1.40876 0.982144
 v -2.07062 -1.40876 1.12722
 v -2.07062 -1.40876 1.27229
 v -2.07062 -1.40876 4.02864
 v -2.07062 -1.40876 4.17371
 v -2.07062 -1.26359 0.111717
 v -2.07062 -1.26359 0.256788
 v -2.07062 -1.26359 0.401859
 v -2.07062 -1.26359 4.17371
 v -1.92464 -2.27981 4.02864
 v -1.92464 -2.27981 4.17371
 v -1.92464 -2.13464 3.7385
 v -1.92464 -2.13464 3.88357
 v -1.92464 -2.13464 4.02864
 v -1.92464 -2.13464 4.17371
 v -1.92464 -1.98946 3.15821
 v -1.92464 -1.98946 3.30328
 v -1.92464 -1.98946 3.44835
 v -1.92464 -1.98946 3.59343
 v -1.92464 -1.98946 3.7385
 v -1.92464 -1.98946 3.88357
 v -1.92464 -1.98946 4.02864
 v -1.92464 -1.98946 4.17371
 v -1.92464 -1.84429 0.111717
 v -1.92464 -1.84429 0.256788
 v -1.92464 -1.84429 0.401859
 v -1.92464 -1.84429 0.54693
 v -1.92464 -1.84429 0.692001
 v -1.92464 -1.84429 0.837073
 v -1.92464 -1.84429 0.982144
 v -1.92464 -1.84429 1.12722
 v -1.92464 -1.84429 1.27229
 v -1.92464 -1.84429 1.41736
 v -1.92464 -1.84429 1.56243
 v -1.92464 -1.84429 1.7075
 v -1.92464 -1.84429 1.85257
 v -1.92464 -1.84429 2.14271
 v -1.92464 -1.84429 2.28778
 v -1.92464 -1.84429 2.43286
 v -1.92464 -1.84429 2.57793
 v -1.92464 -1.84429 2.723
 v -1.92464 -1.84429 2.86807
 v -1.92464 -1.84429 3.01314
 v -1.92464 -1.84429 3.15821
 v -1.92464 -1.84429 3.30328
 v -1.92464 -1.84429 3.44835
 v -1.92464 -1.84429 3.59343
 v -1.92464 -1.84429 3.7385
 v -1.92464 -1.84429 3.88357
 v -1.92464 -1.84429 4.02864
 v -1.92464 -1.84429 4.17371
 v -1.92464 -1.69911 0.111717
 v -1.92464 -1.69911 0.256788
 v -1.92464 -1.69911 0.401859
 v -1.92464 -1.69911 0.54693
 v -1.92464 -1.69911 0.692001
 v -1.92464 -1.69911 0.837073
 v -1.92464 -1.69911 0.982144
 v -1.92464 -1.69911 1.12722
 v -1.92464 -1.69911 1.27229
 v -1.92464 -1.69911 1.41736
 v -1.92464 -1.69911 1.56243
 v -1.92464 -1.69911 1.7075
 v -1.92464 -1.69911 1.85257
 v -1.92464 -1.69911 1.99764
 v -1.92464 -1.69911 2.14271
 v -1.92464 -1.69911 2.28778
 v -1.92464 -1.69911 2.43286
 v -1.92464 -1.69911 2.57793
 v -1.92464 -1.69911 2.723
 v -1.92464 -1.69911 2.86807
 v -1.92464 -1.69911 3.01314
 v -1.92464 -1.69911 3.15821
 v -1.92464 -1.69911 3.30328
 v -1.92464 -1.69911 3.59343
 v -1.92464 -1.69911 3.7385
 v -1.92464 -1.69911 3.88357
 v -1.92464 -1.69911 4.02864
 v -1.92464 -1.69911 4.17371
 v -1.92464 -1.55394 0.111717
 v -1.92464 -1.55394 0.256788
 v -1.92464 -1.55394 0.401859
 v -1.92464 -1.55394 0.54693
 v -1.92464 -1.55394 0.692001
 v -1.92464 -1.55394 0.837073
 v -1.92464 -1.55394 0.982144
 v -1.92464 -1.55394 1.12722
 v -1.92464 -1.55394 1.27229
 v -1.92464 -1.55394 1.41736
 v -1.92464 -1.55394 1.56243
 v -1.92464 -1.55394 1.7075
 v -1.92464 -1.55394 1.85257
 v -1.92464 -1.55394 1.99764
 v -1.92464 -1.55394 2.14271
 v -1.92464 -1.55394 2.28778
 v -1.92464 -1.55394 4.02864
 v -1.92464 -1.55394 4.17371
 v -1.92464 -1.40876 0.111717
 v -1.92464 -1.40876 0.256788
 v -1.92464 -1.40876 0.401859
 v -1.92464 -1.40876 0.54693
 v -1.92464 -1.40876 0.692001
 v -1.92464 -1.40876 0.837073
 v -1.92464 -1.40876 0.982144
 v -1.92464 -1.40876 1.12722
 v -1.92464 -1.40876 1.27229
 v -1.92464 -1.40876 1.41736
 v -1.92464 -1.40876 1.56243
 v -1.92464 -1.40876 1.7075
 v -1.92464 -1.40876 1.85257
 v -1.92464 -1.40876 2.14271
 v -1.92464 -1.40876 4.02864
 v -1.92464 -1.40876 4.17371
 v -1.92464 -1.26359 0.111717
 v -1.92464 -1.26359 0.256788
 v -1.92464 -1.26359 0.401859
 v -1.92464 -1.26359 0.54693
 v -1.92464 -1.26359 0.692001
 v -1.92464 -1.26359 0.837073
 v -1.92464 -1.26359 0.982144
 v -1.92464 -1.26359 1.12722
 v -1.92464 -1.26359 1.27229
 v -1.92464 -1.26359 4.02864
 v -1.92464 -1.26359 4.17371
 v -1.92464 -1.11842 0.111717
 v -1.92464 -1.11842 0.256788
 v -1.92464 -1.11842 0.401859
 v -1.92464 -1.11842 4.17371
 v -1.92464 -0.973242 4.17371
 v -1.77867 -2.27981 4.17371
 v -1.77867 -2.13464 4.02864
 v -1.77867 -2.13464 4.17371
 v -1.77867 -1.98946 0.54693
 v -1.77867 -1.98946 0.692001
 v -1.77867 -1.98946 0.837073
 v -1.77867 -1.98946 1.12722
 v -1.77867 -1.98946 1.27229
 v -1.77867 -1.98946 1.41736
 v -1.77867 -1.98946 1.56243
 v -1.77867 -1.98946 1.7075
 v -1.77867 -1.98946 1.85257
 v -1.77867 -1.98946 1.99764
 v -1.77867 -1.98946 2.14271
 v -1.77867 -1.98946 2.28778
 v -1.77867 -1.98946 2.43286
 v -1.77867 -1.98946 2.57793
 v -1.77867 -1.98946 2.723
 v -1.77867 -1.98946 2.86807
 v -1.77867 -1.98946 3.15821
 v -1.77867 -1.98946 3.30328
 v -1.77867 -1.98946 3.44835
 v -1.77867 -1.98946 3.59343
 v -1.77867 -1.98946 3.7385
 v -1.77867 -1.98946 3.88357
 v -1.77867 -1.98946 4.02864
 v -1.77867 -1.98946 4.17371
 v -1.77867 -1.84429 0.111717
 v -1.77867 -1.84429 0.256788
 v -1.77867 -1.84429 0.401859
 v -1.77867 -1.84429 0.54693
 v -1.77867 -1.84429 0.692001
 v -1.77867 -1.84429 0.837073
 v -1.77867 -1.84429 0.982144
 v -1.77867 -1.84429 1.12722
 v -1.77867 -1.84429 1.27229
 v -1.77867 -1.84429 1.41736
 v -1.77867 -1.84429 1.56243
 v -1.77867 -1.84429 1.7075
 v -1.77867 -1.84429 1.85257
 v -1.77867 -1.84429 1.99764
 v -1.77867 -1.84429 2.14271
 v -1.77867 -1.84429 2.28778
 v -1.77867 -1.84429 2.43286
 v -1.77867 -1.84429 2.57793
 v -1.77867 -1.84429 2.723
 v -1.77867 -1.84429 2.86807
 v -1.77867 -1.84429 3.01314
 v -1.77867 -1.84429 3.15821
 v -1.77867 -1.84429 3.30328
 v -1.77867 -1.84429 3.44835
 v -1.77867 -1.84429 3.59343
 v -1.77867 -1.84429 3.7385
 v -1.77867 -1.84429 3.88357
 v -1.77867 -1.84429 4.02864
 v -1.77867 -1.84429 4.17371
 v -1.77867 -1.69911 0.111717
 v -1.77867 -1.69911 0.256788
 v -1.77867 -1.69911 0.401859
 v -1.77867 -1.69911 0.54693
 v -1.77867 -1.69911 0.692001
 v -1.77867 -1.69911 0.837073
 v -1.77867 -1.69911 0.982144
 v -1.77867 -1.69911 1.12722
 v -1.77867 -1.69911 1.27229
 v -1.77867 -1.69911 1.41736
 v -1.77867 -1.69911 1.56243
 v -1.77867 -1.69911 1.7075
 v -1.77867 -1.69911 1.85257
 v -1.77867 -1.69911 1.99764
 v -1.77867 -1.69911 2.14271
 v -1.77867 -1.69911 2.28778
 v -1.77867 -1.69911 2.43286
 v -1.77867 -1.69911 2.57793
 v -1.77867 -1.69911 2.723
 v -1.77867 -1.69911 2.86807
 v -1.77867 -1.69911 3.01314
 v -1.77867 -1.69911 3.15821
 v -1.77867 -1.69911 3.30328
 v -1.77867 -1.69911 3.44835
 v -1.77867 -1.69911 3.59343
 v -1.77867 -1.69911 3.7385
 v -1.77867 -1.69911 3.88357
 v -1.77867 -1.69911 4.02864
 v -1.77867 -1.69911 4.17371
 v -1.77867 -1.55394 0.111717
 v -1.77867 -1.55394 0.256788
 v -1.77867 -1.55394 0.401859
 v -1.77867 -1.55394 0.54693
 v -1.77867 -1.55394 0.692001
 v -1.77867 -1.55394 0.837073
 v -1.77867 -1.55394 0.982144
 v -1.77867 -1.55394 1.12722
 v -1.77867 -1.55394 1.27229
 v -1.77867 -1.55394 1.41736
 v -1.77867 -1.55394 1.56243
 v -1.77867 -1.55394 1.7075
 v -1.77867 -1.55394 1.85257
 v -1.77867 -1.55394 1.99764
 v -1.77867 -1.55394 2.14271
 v -1.77867 -1.55394 2.28778
 v -1.77867 -1.55394 2.43286
 v -1.77867 -1.55394 2.57793
 v -1.77867 -1.55394 2.723
 v -1.77867 -1.55394 2.86807
 v -1.77867 -1.55394 3.01314
 v -1.77867 -1.55394 3.15821
 v -1.77867 -1.55394 3.30328
 v -1.77867 -1.55394 3.44835
 v -1.77867 -1.55394 3.59343
 v -1.77867 -1.55394 3.7385
 v -1.77867 -1.55394 3.88357
 v -1.77867 -1.55394 4.02864
 v -1.77867 -1.55394 4.17371
 v -1.77867 -1.40876 0.111717
 v -1.77867 -1.40876 0.256788
 v -1.77867 -1.40876 0.401859
 v -1.77867 -1.40876 0.54693
 v -1.77867 -1.40876 0.692001
 v -1.77867 -1.40876 0.837073
 v -1.77867 -1.40876 0.982144
 v -1.77867 -1.40876 1.12722
 v -1.77867 -1.40876 1.27229
 v -1.77867 -1.40876 1.41736
 v -1.77867 -1.40876 1.56243
 v -1.77867 -1.40876 1.7075
 v -1.77867 -1.40876 1.85257
 v -1.77867 -1.40876 1.99764
 v -1.77867 -1.40876 2.14271
 v -1.77867 -1.40876 2.28778
 v -1.77867 -1.40876 2.43286
 v -1.77867 -1.40876 2.57793
 v -1.77867 -1.40876 2.723
 v -1.77867 -1.40876 3.44835
 v -1.77867 -1.40876 3.59343
 v -1.77867 -1.40876 3.7385
 v -1.77867 -1.40876 3.88357
 v -1.77867 -1.40876 4.02864
 v -1.77867 -1.40876 4.17371
 v -1.77867 -1.26359 0.111717
 v -1.77867 -1.26359 0.256788
 v -1.77867 -1.26359 0.401859
 v -1.77867 -1.26359 0.54693
 v -1.77867 -1.26359 0.692001
 v -1.77867 -1.26359 0.837073
 v -1.77867 -1.26359 0.982144
 v -1.77867 -1.26359 1.12722
 v -1.77867 -1.26359 1.27229
 v -1.77867 -1.26359 1.41736
 v -1.77867 -1.26359 1.56243
 v -1.77867 -1.26359 1.7075
 v -1.77867 -1.26359 1.85257
 v -1.77867 -1.26359 1.99764
 v -1.77867 -1.26359 2.14271
 v -1.77867 -1.26359 4.02864
 v -1.77867 -1.26359 4.17371
 v -1.77867 -1.11842 0.111717
 v -1.77867 -1.11842 0.256788
 v -1.77867 -1.11842 0.401859
 v -1.77867 -1.11842 0.54693
 v -1.77867 -1.11842 0.692001
 v -1.77867 -1.11842 0.837073
 v -1.77867 -1.11842 1.12722
 v -1.77867 -1.11842 1.27229
 v -1.77867 -1.11842 4.02864
 v -1.77867 -1.11842 4.17371
 v -1.77867 -0.973242 0.111717
 v -1.77867 -0.973242 4.02864
 v -1.77867 -0.973242 4.17371
 v -1.77867 -0.828068 4.17371
 v -1.77867 -0.682894 4.17371
 v -1.77867 -0.53772 4.17371
 v -1.77867 -0.392546 4.17371
 v -1.77867 -0.247372 4.17371
 v -1.77867 -0.247372 4.31878
 v -1.77867 -0.102198 4.02864
 v -1.77867 -0.102198 4.17371
 v -1.77867 -0.102198 4.31878
 v -1.77867 0.0429764 4.02864
 v -1.77867 0.0429764 4.17371
 v -1.77867 0.0429764 4.31878
 v -1.77867 0.18815 4.02864
 v -1.77867 0.18815 4.17371
 v -1.77867 0.18815 4.31878
 v -1.77867 0.333324 4.02864
 v -1.77867 0.333324 4.17371
 v -1.77867 0.333324 4.31878
 v -1.77867 0.478499 4.02864
 v -1.77867 0.478499 4.17371
 v -1.77867 0.478499 4.31878
 v -1.77867 0.623673 4.02864
 v -1.77867 0.623673 4.17371
 v -1.77867 0.623673 4.31878
 v -1.77867 0.768847 4.02864
 v -1.77867 0.768847 4.17371
 v -1.77867 0.768847 4.31878
 v -1.77867 0.914021 4.02864
 v -1.77867 0.914021 4.17371
 v -1.77867 0.914021 4.31878
 v -1.63269 -2.13464 1.12722
 v -1.63269 -2.13464 1.27229
 v -1.63269 -2.13464 1.41736
 v -1.63269 -2.13464 1.56243
 v -1.63269 -2.13464 1.7075
 v -1.63269 -2.13464 4.17371
 v -1.63269 -1.98946 0.111717
 v -1.63269 -1.98946 0.256788
 v -1.63269 -1.98946 0.401859
 v -1.63269 -1.98946 0.54693
 v -1.63269 -1.98946 0.692001
 v -1.63269 -1.98946 0.837073
 v -1.63269 -1.98946 0.982144
 v -1.63269 -1.98946 1.12722
 v -1.63269 -1.98946 1.27229
 v -1.63269 -1.98946 1.41736
 v -1.63269 -1.98946 1.56243
 v -1.63269 -1.98946 1.7075
 v -1.63269 -1.98946 1.85257
 v -1.63269 -1.98946 1.99764
 v -1.63269 -1.98946 2.14271
 v -1.63269 -1.98946 2.28778
 v -1.63269 -1.98946 2.43286
 v -1.63269 -1.98946 2.57793
 v -1.63269 -1.98946 4.02864
 v -1.63269 -1.98946 4.17371
 v -1.63269 -1.84429 0.111717
 v -1.63269 -1.84429 0.256788
 v -1.63269 -1.84429 0.401859
 v -1.63269 -1.84429 0.54693
 v -1.63269 -1.84429 0.692001
 v -1.63269 -1.84429 0.837073
 v -1.63269 -1.84429 0.982144
 v -1.63269 -1.84429 1.12722
 v -1.63269 -1.84429 1.27229
 v -1.63269 -1.84429 1.41736
 v -1.63269 -1.84429 1.56243
 v -1.63269 -1.84429 1.7075
 v -1.63269 -1.84429 1.85257
 v -1.63269 -1.84429 1.99764
 v -1.63269 -1.84429 2.14271
 v -1.63269 -1.84429 2.28778
 v -1.63269 -1.84429 2.43286
 v -1.63269 -1.84429 2.57793
 v -1.63269 -1.84429 2.723
 v -1.63269 -1.84429 2.86807
 v -1.63269 -1.84429 3.01314
 v -1.63269 -1.84429 3.15821
 v -1.63269 -1.84429 3.30328
 v -1.63269 -1.84429 3.44835
 v -1.63269 -1.84429 3.59343
 v -1.63269 -1.84429 3.7385
 v -1.63269 -1.84429 3.88357
 v -1.63269 -1.84429 4.02864
 v -1.63269 -1.84429 4.17371
 v -1.63269 -1.69911 0.111717
 v -1.63269 -1.69911 0.256788
 v -1.63269 -1.69911 0.401859
 v -1.63269 -1.69911 0.54693
 v -1.63269 -1.69911 0.692001
 v -1.63269 -1.69911 0.837073
 v -1.63269 -1.69911 0.982144
 v -1.63269 -1.69911 1.12722
 v -1.63269 -1.69911 1.27229
 v -1.63269 -1.69911 1.41736
 v -1.63269 -1.69911 1.56243
 v -1.63269 -1.69911 1.7075
 v -1.63269 -1.69911 1.85257
 v -1.63269 -1.69911 1.99764
 v -1.63269 -1.69911 2.14271
 v -1.63269 -1.69911 2.28778
 v -1.63269 -1.69911 2.43286
 v -1.63269 -1.69911 2.57793
 v -1.63269 -1.69911 2.723
 v -1.63269 -1.69911 2.86807
 v -1.63269 -1.69911 3.01314
 v -1.63269 -1.69911 3.15821
 v -1.63269 -1.69911 3.30328
 v -1.63269 -1.69911 3.44835
 v -1.63269 -1.69911 3.59343
 v -1.63269 -1.69911 3.7385
 v -1.63269 -1.69911 3.88357
 v -1.63269 -1.69911 4.02864
 v -1.63269 -1.69911 4.17371
 v -1.63269 -1.55394 0.111717
 v -1.63269 -1.55394 0.256788
 v -1.63269 -1.55394 0.401859
 v -1.63269 -1.55394 0.54693
 v -1.63269 -1.55394 0.692001
 v -1.63269 -1.55394 0.837073
 v -1.63269 -1.55394 0.982144
 v -1.63269 -1.55394 1.12722
 v -1.63269 -1.55394 1.27229
 v -1.63269 -1.55394 1.41736
 v -1.63269 -1.55394 1.56243
 v -1.63269 -1.55394 1.7075
 v -1.63269 -1.55394 1.85257
 v -1.63269 -1.55394 1.99764
 v -1.63269 -1.55394 2.14271
 v -1.63269 -1.55394 2.28778
 v -1.63269 -1.55394 2.43286
 v -1.63269 -1.55394 2.57793
 v -1.63269 -1.55394 2.723
 v -1.63269 -1.55394 2.86807
 v -1.63269 -1.55394 3.01314
 v -1.63269 -1.55394 3.15821
 v -1.63269 -1.55394 3.30328
 v -1.63269 -1.55394 3.44835
 v -1.63269 -1.55394 3.59343
 v -1.63269 -1.55394 3.7385
 v -1.63269 -1.55394 3.88357
 v -1.63269 -1.55394 4.02864
 v -1.63269 -1.55394 4.17371
 v -1.63269 -1.40876 0.111717
 v -1.63269 -1.40876 0.256788
 v -1.63269 -1.40876 0.401859
 v -1.63269 -1.40876 0.54693
 v -1.63269 -1.40876 0.692001
 v -1.63269 -1.40876 0.837073
 v -1.63269 -1.40876 0.982144
 v -1.63269 -1.40876 1.12722
 v -1.63269 -1.40876 1.27229
 v -1.63269 -1.40876 1.41736
 v -1.63269 -1.40876 1.56243
 v -1.63269 -1.40876 1.7075
 v -1.63269 -1.40876 1.85257
 v -1.63269 -1.40876 1.99764
 v -1.63269 -1.40876 2.14271
 v -1.63269 -1.40876 2.28778
 v -1.63269 -1.40876 2.43286
 v -1.63269 -1.40876 2.57793
 v -1.63269 -1.40876 2.723
 v -1.63269 -1.40876 2.86807
 v -1.63269 -1.40876 3.01314
 v -1.63269 -1.40876 3.15821
 v -1.63269 -1.40876 3.30328
 v -1.63269 -1.40876 3.44835
 v -1.63269 -1.40876 3.59343
 v -1.63269 -1.40876 3.7385
 v -1.63269 -1.40876 3.88357
 v -1.63269 -1.40876 4.02864
 v -1.63269 -1.40876 4.17371
 v -1.63269 -1.26359 0.111717
 v -1.63269 -1.26359 0.256788
 v -1.63269 -1.26359 0.401859
 v -1.63269 -1.26359 0.54693
 v -1.63269 -1.26359 0.692001
 v -1.63269 -1.26359 0.837073
 v -1.63269 -1.26359 0.982144
 v -1.63269 -1.26359 1.12722
 v -1.63269 -1.26359 1.27229
 v -1.63269 -1.26359 1.41736
 v -1.63269 -1.26359 1.56243
 v -1.63269 -1.26359 1.7075
 v -1.63269 -1.26359 1.85257
 v -1.63269 -1.26359 1.99764
 v -1.63269 -1.26359 2.14271
 v -1.63269 -1.26359 2.28778
 v -1.63269 -1.26359 2.43286
 v -1.63269 -1.26359 2.57793
 v -1.63269 -1.26359 2.723
 v -1.63269 -1.26359 2.86807
 v -1.63269 -1.26359 3.01314
 v -1.63269 -1.26359 3.15821
 v -1.63269 -1.26359 3.30328
 v -1.63269 -1.26359 3.44835
 v -1.63269 -1.26359 3.59343
 v -1.63269 -1.26359 3.7385
 v -1.63269 -1.26359 3.88357
 v -1.63269 -1.26359 4.02864
 v -1.63269 -1.26359 4.17371
 v -1.63269 -1.11842 0.111717
 v -1.63269 -1.11842 0.256788
 v -1.63269 -1.11842 0.401859
 v -1.63269 -1.11842 0.54693
 v -1.63269 -1.11842 0.692001
 v -1.63269 -1.11842 0.837073
 v -1.63269 -1.11842 0.982144
 v -1.63269 -1.11842 1.12722
 v -1.63269 -1.11842 1.27229
 v -1.63269 -1.11842 1.41736
 v -1.63269 -1.11842 1.56243
 v -1.63269 -1.11842 1.7075
 v -1.63269 -1.11842 1.85257
 v -1.63269 -1.11842 2.14271
 v -1.63269 -1.11842 4.02864
 v -1.63269 -1.11842 4.17371
 v -1.63269 -0.973242 0.111717
 v -1.63269 -0.973242 0.256788
 v -1.63269 -0.973242 0.401859
 v -1.63269 -0.973242 0.54693
 v -1.63269 -0.973242 0.692001
 v -1.63269 -0.973242 0.837073
 v -1.63269 -0.973242 0.982144
 v -1.63269 -0.973242 1.12722
 v -1.63269 -0.973242 4.02864
 v -1.63269 -0.973242 4.17371
 v -1.63269 -0.828068 0.111717
 v -1.63269 -0.828068 4.02864
 v -1.63269 -0.828068 4.17371
 v -1.63269 -0.682894 4.17371
 v -1.63269 -0.53772 4.17371
 v -1.63269 -0.392546 4.17371
 v -1.63269 -0.247372 4.02864
 v -1.63269 -0.247372 4.17371
 v -1.63269 -0.247372 4.31878
 v -1.63269 -0.102198 4.02864
 v -1.63269 -0.102198 4.17371
 v -1.63269 -0.102198 4.31878
 v -1.63269 0.0429764 4.02864
 v -1.63269 0.0429764 4.17371
 v -1.63269 0.0429764 4.31878
 v -1.63269 0.18815 4.02864
 v -1.63269 0.18815 4.17371
 v -1.63269 0.18815 4.31878
 v -1.63269 0.333324 4.02864
 v -1.63269 0.333324 4.17371
 v -1.63269 0.333324 4.31878
 v -1.63269 0.478499 4.02864
 v -1.63269 0.478499 4.17371
 v -1.63269 0.478499 4.31878
 v -1.63269 0.623673 4.02864
 v -1.63269 0.623673 4.17371
 v -1.63269 0.623673 4.31878
 v -1.63269 0.768847 4.02864
 v -1.63269 0.768847 4.17371
 v -1.63269 0.768847 4.31878
 v -1.63269 0.914021 4.02864
 v -1.63269 0.914021 4.17371
 v -1.63269 0.914021 4.31878
 v -1.63269 1.0592 4.02864
 v -1.63269 1.0592 4.17371
 v -1.63269 1.0592 4.31878
 v -1.63269 1.20437 4.02864
 v -1.63269 1.20437 4.17371
 v -1.63269 1.20437 4.31878
 v -1.63269 1.34954 4.02864
 v -1.63269 1.34954 4.17371
 v -1.48671 -2.13464 0.111717
 v -1.48671 -2.13464 0.256788
 v -1.48671 -2.13464 0.401859
 v -1.48671 -2.13464 0.54693
 v -1.48671 -2.13464 0.692001
 v -1.48671 -2.13464 0.837073
 v -1.48671 -2.13464 0.982144
 v -1.48671 -2.13464 1.12722
 v -1.48671 -2.13464 1.27229
 v -1.48671 -2.13464 1.41736
 v -1.48671 -2.13464 1.56243
 v -1.48671 -2.13464 1.7075
 v -1.48671 -2.13464 4.17371
 v -1.48671 -1.98946 0.111717
 v -1.48671 -1.98946 0.256788
 v -1.48671 -1.98946 0.401859
 v -1.48671 -1.98946 0.54693
 v -1.48671 -1.98946 0.692001
 v -1.48671 -1.98946 0.837073
 v -1.48671 -1.98946 0.982144
 v -1.48671 -1.98946 1.12722
 v -1.48671 -1.98946 1.27229
 v -1.48671 -1.98946 1.41736
 v -1.48671 -1.98946 1.56243
 v -1.48671 -1.98946 1.7075
 v -1.48671 -1.98946 1.85257
 v -1.48671 -1.98946 1.99764
 v -1.48671 -1.98946 2.14271
 v -1.48671 -1.98946 4.02864
 v -1.48671 -1.98946 4.17371
 v -1.48671 -1.84429 0.111717
 v -1.48671 -1.84429 0.256788
 v -1.48671 -1.84429 0.401859
 v -1.48671 -1.84429 0.54693
 v -1.48671 -1.84429 0.692001
 v -1.48671 -1.84429 0.837073
 v -1.48671 -1.84429 0.982144
 v -1.48671 -1.84429 1.12722
 v -1.48671 -1.84429 1.27229
 v -1.48671 -1.84429 1.41736
 v -1.48671 -1.84429 1.56243
 v -1.48671 -1.84429 1.7075
 v -1.48671 -1.84429 1.85257
 v -1.48671 -1.84429 1.99764
 v -1.48671 -1.84429 2.14271
 v -1.48671 -1.84429 2.28778
 v -1.48671 -1.84429 2.43286
 v -1.48671 -1.84429 2.57793
 v -1.48671 -1.84429 2.723
 v -1.48671 -1.84429 3.7385
 v -1.48671 -1.84429 3.88357
 v -1.48671 -1.84429 4.02864
 v -1.48671 -1.84429 4.17371
 v -1.48671 -1.69911 0.111717
 v -1.48671 -1.69911 0.256788
 v -1.48671 -1.69911 0.401859
 v -1.48671 -1.69911 0.54693
 v -1.48671 -1.69911 0.692001
 v -1.48671 -1.69911 0.837073
 v -1.48671 -1.69911 0.982144
 v -1.48671 -1.69911 1.12722
 v -1.48671 -1.69911 1.27229
 v -1.48671 -1.69911 1.41736
 v -1.48671 -1.69911 1.56243
 v -1.48671 -1.69911 1.7075
 v -1.48671 -1.69911 1.85257
 v -1.48671 -1.69911 1.99764
 v -1.48671 -1.69911 2.14271
 v -1.48671 -1.69911 2.28778
 v -1.48671 -1.69911 2.43286
 v -1.48671 -1.69911 2.57793
 v -1.48671 -1.69911 2.723
 v -1.48671 -1.69911 2.86807
 v -1.48671 -1.69911 3.01314
 v -1.48671 -1.69911 3.15821
 v -1.48671 -1.69911 3.30328
 v -1.48671 -1.69911 3.44835
 v -1.48671 -1.69911 3.59343
 v -1.48671 -1.69911 3.7385
 v -1.48671 -1.69911 3.88357
 v -1.48671 -1.69911 4.02864
 v -1.48671 -1.69911 4.17371
 v -1.48671 -1.55394 0.111717
 v -1.48671 -1.55394 0.256788
 v -1.48671 -1.55394 0.401859
 v -1.48671 -1.55394 0.54693
 v -1.48671 -1.55394 0.692001
 v -1.48671 -1.55394 0.837073
 v -1.48671 -1.55394 0.982144
 v -1.48671 -1.55394 1.12722
 v -1.48671 -1.55394 1.27229
 v -1.48671 -1.55394 1.41736
 v -1.48671 -1.55394 1.56243
 v -1.48671 -1.55394 1.7075
 v -1.48671 -1.55394 1.85257
 v -1.48671 -1.55394 1.99764
 v -1.48671 -1.55394 2.14271
 v -1.48671 -1.55394 2.28778
 v -1.48671 -1.55394 2.43286
 v -1.48671 -1.55394 2.57793
 v -1.48671 -1.55394 2.723
 v -1.48671 -1.55394 2.86807
 v -1.48671 -1.55394 3.01314
 v -1.48671 -1.55394 3.15821
 v -1.48671 -1.55394 3.30328
 v -1.48671 -1.55394 3.44835
 v -1.48671 -1.55394 3.59343
 v -1.48671 -1.55394 3.7385
 v -1.48671 -1.55394 3.88357
 v -1.48671 -1.55394 4.02864
 v -1.48671 -1.55394 4.17371
 v -1.48671 -1.40876 0.111717
 v -1.48671 -1.40876 0.256788
 v -1.48671 -1.40876 0.401859
 v -1.48671 -1.40876 0.54693
 v -1.48671 -1.40876 0.692001
 v -1.48671 -1.40876 0.837073
 v -1.48671 -1.40876 0.982144
 v -1.48671 -1.40876 1.12722
 v -1.48671 -1.40876 1.27229
 v -1.48671 -1.40876 1.41736
 v -1.48671 -1.40876 1.56243
 v -1.48671 -1.40876 1.7075
 v -1.48671 -1.40876 1.85257
 v -1.48671 -1.40876 1.99764
 v -1.48671 -1.40876 2.14271
 v -1.48671 -1.40876 2.28778
 v -1.48671 -1.40876 2.43286
 v -1.48671 -1.40876 2.57793
 v -1.48671 -1.40876 2.723
 v -1.48671 -1.40876 2.86807
 v -1.48671 -1.40876 3.01314
 v -1.48671 -1.40876 3.15821
 v -1.48671 -1.40876 3.30328
 v -1.48671 -1.40876 3.44835
 v -1.48671 -1.40876 3.59343
 v -1.48671 -1.40876 3.7385
 v -1.48671 -1.40876 3.88357
 v -1.48671 -1.40876 4.02864
 v -1.48671 -1.40876 4.17371
 v -1.48671 -1.26359 0.111717
 v -1.48671 -1.26359 0.256788
 v -1.48671 -1.26359 0.401859
 v -1.48671 -1.26359 0.54693
 v -1.48671 -1.26359 0.692001
 v -1.48671 -1.26359 0.837073
 v -1.48671 -1.26359 0.982144
 v -1.48671 -1.26359 1.12722
 v -1.48671 -1.26359 1.27229
 v -1.48671 -1.26359 1.41736
 v -1.48671 -1.26359 1.56243
 v -1.48671 -1.26359 1.7075
 v -1.48671 -1.26359 1.85257
 v -1.48671 -1.26359 1.99764
 v -1.48671 -1.26359 2.14271
 v -1.48671 -1.26359 2.28778
 v -1.48671 -1.26359 2.43286
 v -1.48671 -1.26359 2.57793
 v -1.48671 -1.26359 2.723
 v -1.48671 -1.26359 2.86807
 v -1.48671 -1.26359 3.01314
 v -1.48671 -1.26359 3.15821
 v -1.48671 -1.26359 3.30328
 v -1.48671 -1.26359 3.44835
 v -1.48671 -1.26359 3.59343
 v -1.48671 -1.26359 3.7385
 v -1.48671 -1.26359 3.88357
 v -1.48671 -1.26359 4.02864
 v -1.48671 -1.26359 4.17371
 v -1.48671 -1.11842 0.111717
 v -1.48671 -1.11842 0.256788
 v -1.48671 -1.11842 0.401859
 v -1.48671 -1.11842 0.54693
 v -1.48671 -1.11842 0.692001
 v -1.48671 -1.11842 0.837073
 v -1.48671 -1.11842 0.982144
 v -1.48671 -1.11842 1.12722
 v -1.48671 -1.11842 1.27229
 v -1.48671 -1.11842 1.41736
 v -1.48671 -1.11842 1.56243
 v -1.48671 -1.11842 1.7075
 v -1.48671 -1.11842 1.85257
 v -1.48671 -1.11842 1.99764
 v -1.48671 -1.11842 2.14271
 v -1.48671 -1.11842 2.28778
 v -1.48671 -1.11842 2.43286
 v -1.48671 -1.11842 2.57793
 v -1.48671 -1.11842 4.02864
 v -1.48671 -1.11842 4.17371
 v -1.48671 -0.973242 0.111717
 v -1.48671 -0.973242 0.256788
 v -1.48671 -0.973242 0.401859
 v -1.48671 -0.973242 0.54693
 v -1.48671 -0.973242 0.692001
 v -1.48671 -0.973242 0.837073
 v -1.48671 -0.973242 0.982144
 v -1.48671 -0.973242 1.12722
 v -1.48671 -0.973242 1.27229
 v -1.48671 -0.973242 1.41736
 v -1.48671 -0.973242 1.56243
 v -1.48671 -0.973242 1.7075
 v -1.48671 -0.973242 1.85257
 v -1.48671 -0.973242 4.02864
 v -1.48671 -0.973242 4.17371
 v -1.48671 -0.828068 0.111717
 v -1.48671 -0.828068 0.256788
 v -1.48671 -0.828068 0.401859
 v -1.48671 -0.828068 0.54693
 v -1.48671 -0.828068 0.692001
 v -1.48671 -0.828068 0.837073
 v -1.48671 -0.828068 1.12722
 v -1.48671 -0.828068 4.17371
 v -1.48671 -0.682894 4.17371
 v -1.48671 -0.53772 4.17371
 v -1.48671 -0.392546 4.17371
 v -1.48671 -0.247372 4.17371
 v -1.48671 -0.102198 4.02864
 v -1.48671 -0.102198 4.17371
 v -1.48671 -0.102198 4.31878
 v -1.48671 0.0429764 4.02864
 v -1.48671 0.0429764 4.17371
 v -1.48671 0.0429764 4.31878
 v -1.48671 0.18815 4.02864
 v -1.48671 0.18815 4.17371
 v -1.48671 0.18815 4.31878
 v -1.48671 0.333324 4.02864
 v -1.48671 0.333324 4.17371
 v -1.48671 0.333324 4.31878
 v -1.48671 0.478499 4.02864
 v -1.48671 0.478499 4.17371
 v -1.48671 0.478499 4.31878
 v -1.48671 0.623673 4.02864
 v -1.48671 0.623673 4.17371
 v -1.48671 0.623673 4.31878
 v -1.48671 0.768847 4.02864
 v -1.48671 0.768847 4.17371
 v -1.48671 0.768847 4.31878
 v -1.48671 0.914021 4.02864
 v -1.48671 0.914021 4.17371
 v -1.48671 0.914021 4.31878
 v -1.48671 1.0592 4.02864
 v -1.48671 1.0592 4.17371
 v -1.48671 1.0592 4.31878
 v -1.48671 1.20437 4.02864
 v -1.48671 1.20437 4.17371
 v -1.48671 1.20437 4.31878
 v -1.48671 1.34954 4.02864
 v -1.48671 1.34954 4.17371
 v -1.48671 1.49472 4.02864
 v -1.48671 1.49472 4.17371
 v -1.48671 1.63989 4.02864
 v -1.34074 -2.27981 0.111717
 v -1.34074 -2.27981 0.256788
 v -1.34074 -2.27981 0.401859
 v -1.34074 -2.27981 0.54693
 v -1.34074 -2.27981 0.692001
 v -1.34074 -2.27981 0.837073
 v -1.34074 -2.13464 0.111717
 v -1.34074 -2.13464 0.256788
 v -1.34074 -2.13464 0.401859
 v -1.34074 -2.13464 0.54693
 v -1.34074 -2.13464 0.692001
 v -1.34074 -2.13464 0.837073
 v -1.34074 -2.13464 0.982144
 v -1.34074 -2.13464 1.12722
 v -1.34074 -2.13464 1.27229
 v -1.34074 -1.98946 0.111717
 v -1.34074 -1.98946 0.256788
 v -1.34074 -1.98946 0.401859
 v -1.34074 -1.98946 0.54693
 v -1.34074 -1.98946 0.692001
 v -1.34074 -1.98946 0.837073
 v -1.34074 -1.98946 0.982144
 v -1.34074 -1.98946 1.12722
 v -1.34074 -1.98946 1.27229
 v -1.34074 -1.98946 1.41736
 v -1.34074 -1.98946 1.56243
 v -1.34074 -1.98946 1.7075
 v -1.34074 -1.98946 4.17371
 v -1.34074 -1.84429 0.111717
 v -1.34074 -1.84429 0.256788
 v -1.34074 -1.84429 0.401859
 v -1.34074 -1.84429 0.54693
 v -1.34074 -1.84429 0.692001
 v -1.34074 -1.84429 0.837073
 v -1.34074 -1.84429 0.982144
 v -1.34074 -1.84429 1.12722
 v -1.34074 -1.84429 1.27229
 v -1.34074 -1.84429 1.41736
 v -1.34074 -1.84429 1.56243
 v -1.34074 -1.84429 1.7075
 v -1.34074 -1.84429 1.85257
 v -1.34074 -1.84429 1.99764
 v -1.34074 -1.84429 2.14271
 v -1.34074 -1.84429 2.28778
 v -1.34074 -1.84429 2.43286
 v -1.34074 -1.84429 4.02864
 v -1.34074 -1.84429 4.17371
 v -1.34074 -1.69911 0.111717
 v -1.34074 -1.69911 0.256788
 v -1.34074 -1.69911 0.401859
 v -1.34074 -1.69911 0.54693
 v -1.34074 -1.69911 0.692001
 v -1.34074 -1.69911 0.837073
 v -1.34074 -1.69911 0.982144
 v -1.34074 -1.69911 1.12722
 v -1.34074 -1.69911 1.27229
 v -1.34074 -1.69911 1.41736
 v -1.34074 -1.69911 1.56243
 v -1.34074 -1.69911 1.7075
 v -1.34074 -1.69911 1.85257
 v -1.34074 -1.69911 1.99764
 v -1.34074 -1.69911 2.14271
 v -1.34074 -1.69911 2.28778
 v -1.34074 -1.69911 2.43286
 v -1.34074 -1.69911 2.57793
 v -1.34074 -1.69911 2.723
 v -1.34074 -1.69911 2.86807
 v -1.34074 -1.69911 3.44835
 v -1.34074 -1.69911 3.59343
 v -1.34074 -1.69911 3.7385
 v -1.34074 -1.69911 3.88357
 v -1.34074 -1.69911 4.02864
 v -1.34074 -1.69911 4.17371
 v -1.34074 -1.55394 0.111717
 v -1.34074 -1.55394 0.256788
 v -1.34074 -1.55394 0.401859
 v -1.34074 -1.55394 0.54693
 v -1.34074 -1.55394 0.692001
 v -1.34074 -1.55394 0.837073
 v -1.34074 -1.55394 0.982144
 v -1.34074 -1.55394 1.12722
 v -1.34074 -1.55394 1.27229
 v -1.34074 -1.55394 1.41736
 v -1.34074 -1.55394 1.56243
 v -1.34074 -1.55394 1.7075
 v -1.34074 -1.55394 1.85257
 v -1.34074 -1.55394 1.99764
 v -1.34074 -1.55394 2.14271
 v -1.34074 -1.55394 2.28778
 v -1.34074 -1.55394 2.43286
 v -1.34074 -1.55394 2.57793
 v -1.34074 -1.55394 2.723
 v -1.34074 -1.55394 2.86807
 v -1.34074 -1.55394 3.01314
 v -1.34074 -1.55394 3.15821
 v -1.34074 -1.55394 3.30328
 v -1.34074 -1.55394 3.44835
 v -1.34074 -1.55394 3.59343
 v -1.34074 -1.55394 3.7385
 v -1.34074 -1.55394 3.88357
 v -1.34074 -1.55394 4.02864
 v -1.34074 -1.55394 4.17371
 v -1.34074 -1.40876 0.111717
 v -1.34074 -1.40876 0.256788
 v -1.34074 -1.40876 0.401859
 v -1.34074 -1.40876 0.54693
 v -1.34074 -1.40876 0.692001
 v -1.34074 -1.40876 0.837073
 v -1.34074 -1.40876 0.982144
 v -1.34074 -1.40876 1.12722
 v -1.34074 -1.40876 1.27229
 v -1.34074 -1.40876 1.41736
 v -1.34074 -1.40876 1.56243
 v -1.34074 -1.40876 1.7075
 v -1.34074 -1.40876 1.85257
 v -1.34074 -1.40876 1.99764
 v -1.34074 -1.40876 2.14271
 v -1.34074 -1.40876 2.28778
 v -1.34074 -1.40876 2.43286
 v -1.34074 -1.40876 2.57793
 v -1.34074 -1.40876 2.723
 v -1.34074 -1.40876 2.86807
 v -1.34074 -1.40876 3.01314
 v -1.34074 -1.40876 3.15821
 v -1.34074 -1.40876 3.30328
 v -1.34074 -1.40876 3.44835
 v -1.34074 -1.40876 3.59343
 v -1.34074 -1.40876 3.7385
 v -1.34074 -1.40876 3.88357
 v -1.34074 -1.40876 4.02864
 v -1.34074 -1.40876 4.17371
 v -1.34074 -1.26359 0.111717
 v -1.34074 -1.26359 0.256788
 v -1.34074 -1.26359 0.401859
 v -1.34074 -1.26359 0.54693
 v -1.34074 -1.26359 0.692001
 v -1.34074 -1.26359 0.837073
 v -1.34074 -1.26359 0.982144
 v -1.34074 -1.26359 1.12722
 v -1.34074 -1.26359 1.27229
 v -1.34074 -1.26359 1.41736
 v -1.34074 -1.26359 1.56243
 v -1.34074 -1.26359 1.7075
 v -1.34074 -1.26359 1.85257
 v -1.34074 -1.26359 1.99764
 v -1.34074 -1.26359 2.14271
 v -1.34074 -1.26359 2.28778
 v -1.34074 -1.26359 2.43286
 v -1.34074 -1.26359 2.57793
 v -1.34074 -1.26359 2.723
 v -1.34074 -1.26359 2.86807
 v -1.34074 -1.26359 4.02864
 v -1.34074 -1.26359 4.17371
 v -1.34074 -1.11842 0.111717
 v -1.34074 -1.11842 0.256788
 v -1.34074 -1.11842 0.401859
 v -1.34074 -1.11842 0.54693
 v -1.34074 -1.11842 0.692001
 v -1.34074 -1.11842 0.837073
 v -1.34074 -1.11842 0.982144
 v -1.34074 -1.11842 1.12722
 v -1.34074 -1.11842 1.27229
 v -1.34074 -1.11842 1.41736
 v -1.34074 -1.11842 1.56243
 v -1.34074 -1.11842 1.7075
 v -1.34074 -1.11842 1.85257
 v -1.34074 -1.11842 1.99764
 v -1.34074 -1.11842 2.14271
 v -1.34074 -1.11842 2.28778
 v -1.34074 -1.11842 4.17371
 v -1.34074 -0.973242 0.111717
 v -1.34074 -0.973242 0.256788
 v -1.34074 -0.973242 0.401859
 v -1.34074 -0.973242 0.54693
 v -1.34074 -0.973242 0.692001
 v -1.34074 -0.973242 0.837073
 v -1.34074 -0.973242 0.982144
 v -1.34074 -0.973242 1.12722
 v -1.34074 -0.973242 1.27229
 v -1.34074 -0.973242 1.41736
 v -1.34074 -0.973242 1.56243
 v -1.34074 -0.973242 1.7075
 v -1.34074 -0.828068 0.111717
 v -1.34074 -0.828068 0.256788
 v -1.34074 -0.828068 0.401859
 v -1.34074 -0.828068 0.54693
 v -1.34074 -0.828068 0.692001
 v -1.34074 -0.828068 0.837073
 v -1.34074 -0.828068 0.982144
 v -1.34074 -0.828068 1.12722
 v -1.34074 -0.682894 0.111717
 v -1.34074 -0.682894 0.256788
 v -1.34074 -0.682894 0.401859
 v -1.34074 1.34954 4.02864
 v -1.34074 1.34954 4.17371
 v -1.34074 1.49472 4.02864
 v -1.34074 1.49472 4.17371
 v -1.34074 1.63989 4.02864
 v -1.19476 -2.27981 0.111717
 v -1.19476 -2.27981 0.256788
 v -1.19476 -2.13464 0.111717
 v -1.19476 -2.13464 0.256788
 v -1.19476 -2.13464 0.401859
 v -1.19476 -2.13464 0.54693
 v -1.19476 -2.13464 0.692001
 v -1.19476 -2.13464 0.837073
 v -1.19476 -1.98946 0.111717
 v -1.19476 -1.98946 0.256788
 v -1.19476 -1.98946 0.401859
 v -1.19476 -1.98946 0.54693
 v -1.19476 -1.98946 0.692001
 v -1.19476 -1.98946 0.837073
 v -1.19476 -1.98946 0.982144
 v -1.19476 -1.98946 1.12722
 v -1.19476 -1.98946 1.27229
 v -1.19476 -1.98946 1.41736
 v -1.19476 -1.98946 1.56243
 v -1.19476 -1.98946 4.17371
 v -1.19476 -1.84429 0.111717
 v -1.19476 -1.84429 0.256788
 v -1.19476 -1.84429 0.401859
 v -1.19476 -1.84429 0.54693
 v -1.19476 -1.84429 0.692001
 v -1.19476 -1.84429 0.837073
 v -1.19476 -1.84429 0.982144
 v -1.19476 -1.84429 1.12722
 v -1.19476 -1.84429 1.27229
 v -1.19476 -1.84429 1.41736
 v -1.19476 -1.84429 1.56243
 v -1.19476 -1.84429 1.7075
 v -1.19476 -1.84429 1.85257
 v -1.19476 -1.84429 1.99764
 v -1.19476 -1.84429 4.02864
 v -1.19476 -1.84429 4.17371
 v -1.19476 -1.69911 0.111717
 v -1.19476 -1.69911 0.256788
 v -1.19476 -1.69911 0.401859
 v -1.19476 -1.69911 0.54693
 v -1.19476 -1.69911 0.692001
 v -1.19476 -1.69911 0.837073
 v -1.19476 -1.69911 0.982144
 v -1.19476 -1.69911 1.12722
 v -1.19476 -1.69911 1.27229
 v -1.19476 -1.69911 1.41736
 v -1.19476 -1.69911 1.56243
 v -1.19476 -1.69911 1.7075
 v -1.19476 -1.69911 1.85257
 v -1.19476 -1.69911 1.99764
 v -1.19476 -1.69911 2.14271
 v -1.19476 -1.69911 2.28778
 v -1.19476 -1.69911 2.43286
 v -1.19476 -1.69911 2.57793
 v -1.19476 -1.69911 4.02864
 v -1.19476 -1.69911 4.17371
 v -1.19476 -1.55394 0.111717
 v -1.19476 -1.55394 0.256788
 v -1.19476 -1.55394 0.401859
 v -1.19476 -1.55394 0.54693
 v -1.19476 -1.55394 0.692001
 v -1.19476 -1.55394 0.837073
 v -1.19476 -1.55394 0.982144
 v -1.19476 -1.55394 1.12722
 v -1.19476 -1.55394 1.27229
 v -1.19476 -1.55394 1.41736
 v -1.19476 -1.55394 1.56243
 v -1.19476 -1.55394 1.7075
 v -1.19476 -1.55394 1.85257
 v -1.19476 -1.55394 1.99764
 v -1.19476 -1.55394 2.14271
 v -1.19476 -1.55394 2.28778
 v -1.19476 -1.55394 2.43286
 v -1.19476 -1.55394 2.57793
 v -1.19476 -1.55394 2.723
 v -1.19476 -1.55394 2.86807
 v -1.19476 -1.55394 3.88357
 v -1.19476 -1.55394 4.02864
 v -1.19476 -1.55394 4.17371
 v -1.19476 -1.40876 0.111717
 v -1.19476 -1.40876 0.256788
 v -1.19476 -1.40876 0.401859
 v -1.19476 -1.40876 0.54693
 v -1.19476 -1.40876 0.692001
 v -1.19476 -1.40876 0.837073
 v -1.19476 -1.40876 0.982144
 v -1.19476 -1.40876 1.12722
 v -1.19476 -1.40876 1.27229
 v -1.19476 -1.40876 1.41736
 v -1.19476 -1.40876 1.56243
 v -1.19476 -1.40876 1.7075
 v -1.19476 -1.40876 1.85257
 v -1.19476 -1.40876 1.99764
 v -1.19476 -1.40876 2.14271
 v -1.19476 -1.40876 2.28778
 v -1.19476 -1.40876 2.43286
 v -1.19476 -1.40876 2.57793
 v -1.19476 -1.40876 2.723
 v -1.19476 -1.40876 4.02864
 v -1.19476 -1.40876 4.17371
 v -1.19476 -1.26359 0.111717
 v -1.19476 -1.26359 0.256788
 v -1.19476 -1.26359 0.401859
 v -1.19476 -1.26359 0.54693
 v -1.19476 -1.26359 0.692001
 v -1.19476 -1.26359 0.837073
 v -1.19476 -1.26359 0.982144
 v -1.19476 -1.26359 1.12722
 v -1.19476 -1.26359 1.27229
 v -1.19476 -1.26359 1.41736
 v -1.19476 -1.26359 1.56243
 v -1.19476 -1.26359 1.7075
 v -1.19476 -1.26359 1.85257
 v -1.19476 -1.26359 1.99764
 v -1.19476 -1.26359 2.14271
 v -1.19476 -1.26359 2.28778
 v -1.19476 -1.11842 0.111717
 v -1.19476 -1.11842 0.256788
 v -1.19476 -1.11842 0.401859
 v -1.19476 -1.11842 0.54693
 v -1.19476 -1.11842 0.692001
 v -1.19476 -1.11842 0.837073
 v -1.19476 -1.11842 0.982144
 v -1.19476 -1.11842 1.12722
 v -1.19476 -1.11842 1.27229
 v -1.19476 -1.11842 1.41736
 v -1.19476 -1.11842 1.56243
 v -1.19476 -1.11842 1.7075
 v -1.19476 -0.973242 0.111717
 v -1.19476 -0.973242 0.256788
 v -1.19476 -0.973242 0.401859
 v -1.19476 -0.973242 0.54693
 v -1.19476 -0.973242 0.692001
 v -1.19476 -0.973242 0.837073
 v -1.19476 -0.973242 0.982144
 v -1.19476 -0.973242 1.12722
 v -1.19476 -0.973242 1.27229
 v -1.19476 -0.828068 0.111717
 v -1.19476 -0.828068 0.256788
 v -1.19476 -0.828068 0.401859
 v -1.19476 -0.828068 0.54693
 v -1.19476 -0.682894 0.111717
 v -1.04879 -2.13464 0.111717
 v -1.04879 -2.13464 0.256788
 v -1.04879 -2.13464 0.401859
 v -1.04879 -1.98946 0.111717
 v -1.04879 -1.98946 0.256788
 v -1.04879 -1.98946 0.401859
 v -1.04879 -1.98946 0.54693
 v -1.04879 -1.98946 0.692001
 v -1.04879 -1.98946 0.837073
 v -1.04879 -1.98946 0.982144
 v -1.04879 -1.84429 0.111717
 v -1.04879 -1.84429 0.256788
 v -1.04879 -1.84429 0.401859
 v -1.04879 -1.84429 0.54693
 v -1.04879 -1.84429 0.692001
 v -1.04879 -1.84429 0.837073
 v -1.04879 -1.84429 0.982144
 v -1.04879 -1.84429 1.12722
 v -1.04879 -1.84429 1.27229
 v -1.04879 -1.84429 1.41736
 v -1.04879 -1.84429 4.02864
 v -1.04879 -1.84429 4.17371
 v -1.04879 -1.69911 0.111717
 v -1.04879 -1.69911 0.256788
 v -1.04879 -1.69911 0.401859
 v -1.04879 -1.69911 0.54693
 v -1.04879 -1.69911 0.692001
 v -1.04879 -1.69911 0.837073
 v -1.04879 -1.69911 0.982144
 v -1.04879 -1.69911 1.12722
 v -1.04879 -1.69911 1.27229
 v -1.04879 -1.69911 1.41736
 v -1.04879 -1.69911 1.56243
 v -1.04879 -1.69911 1.7075
 v -1.04879 -1.69911 1.85257
 v -1.04879 -1.69911 2.14271
 v -1.04879 -1.69911 4.02864
 v -1.04879 -1.69911 4.17371
 v -1.04879 -1.55394 0.111717
 v -1.04879 -1.55394 0.256788
 v -1.04879 -1.55394 0.401859
 v -1.04879 -1.55394 0.54693
 v -1.04879 -1.55394 0.692001
 v -1.04879 -1.55394 0.837073
 v -1.04879 -1.55394 0.982144
 v -1.04879 -1.55394 1.12722
 v -1.04879 -1.55394 1.27229
 v -1.04879 -1.55394 1.41736
 v -1.04879 -1.55394 1.56243
 v -1.04879 -1.55394 1.7075
 v -1.04879 -1.55394 1.85257
 v -1.04879 -1.55394 1.99764
 v -1.04879 -1.55394 2.14271
 v -1.04879 -1.55394 2.28778
 v -1.04879 -1.55394 4.02864
 v -1.04879 -1.55394 4.17371
 v -1.04879 -1.40876 0.111717
 v -1.04879 -1.40876 0.256788
 v -1.04879 -1.40876 0.401859
 v -1.04879 -1.40876 0.54693
 v -1.04879 -1.40876 0.692001
 v -1.04879 -1.40876 0.837073
 v -1.04879 -1.40876 0.982144
 v -1.04879 -1.40876 1.12722
 v -1.04879 -1.40876 1.27229
 v -1.04879 -1.40876 1.41736
 v -1.04879 -1.40876 1.56243
 v -1.04879 -1.40876 1.7075
 v -1.04879 -1.40876 1.85257
 v -1.04879 -1.40876 1.99764
 v -1.04879 -1.40876 2.14271
 v -1.04879 -1.40876 2.28778
 v -1.04879 -1.40876 2.43286
 v -1.04879 -1.40876 4.17371
 v -1.04879 -1.26359 0.111717
 v -1.04879 -1.26359 0.256788
 v -1.04879 -1.26359 0.401859
 v -1.04879 -1.26359 0.54693
 v -1.04879 -1.26359 0.692001
 v -1.04879 -1.26359 0.837073
 v -1.04879 -1.26359 0.982144
 v -1.04879 -1.26359 1.12722
 v -1.04879 -1.26359 1.27229
 v -1.04879 -1.26359 1.41736
 v -1.04879 -1.26359 1.56243
 v -1.04879 -1.26359 1.7075
 v -1.04879 -1.11842 0.111717
 v -1.04879 -1.11842 0.256788
 v -1.04879 -1.11842 0.401859
 v -1.04879 -1.11842 0.54693
 v -1.04879 -1.11842 0.692001
 v -1.04879 -1.11842 0.837073
 v -1.04879 -1.11842 0.982144
 v -1.04879 -1.11842 1.12722
 v -1.04879 -1.11842 1.27229
 v -1.04879 -0.973242 0.111717
 v -1.04879 -0.973242 0.256788
 v -1.04879 -0.973242 0.401859
 v -1.04879 -0.973242 0.54693
 v -1.04879 -0.973242 0.692001
 v -1.04879 -0.828068 0.111717
 v -1.04879 -0.828068 0.256788
 v -0.902809 -1.98946 0.111717
 v -0.902809 -1.98946 0.256788
 v -0.902809 -1.98946 0.401859
 v -0.902809 -1.84429 0.111717
 v -0.902809 -1.84429 0.256788
 v -0.902809 -1.84429 0.401859
 v -0.902809 -1.84429 0.54693
 v -0.902809 -1.84429 0.692001
 v -0.902809 -1.84429 0.837073
 v -0.902809 -1.84429 1.12722
 v -0.902809 -1.84429 4.17371
 v -0.902809 -1.69911 0.111717
 v -0.902809 -1.69911 0.256788
 v -0.902809 -1.69911 0.401859
 v -0.902809 -1.69911 0.54693
 v -0.902809 -1.69911 0.692001
 v -0.902809 -1.69911 0.837073
 v -0.902809 -1.69911 0.982144
 v -0.902809 -1.69911 1.12722
 v -0.902809 -1.69911 1.27229
 v -0.902809 -1.69911 1.41736
 v -0.902809 -1.69911 1.56243
 v -0.902809 -1.69911 4.02864
 v -0.902809 -1.69911 4.17371
 v -0.902809 -1.55394 0.111717
 v -0.902809 -1.55394 0.256788
 v -0.902809 -1.55394 0.401859
 v -0.902809 -1.55394 0.54693
 v -0.902809 -1.55394 0.692001
 v -0.902809 -1.55394 0.837073
 v -0.902809 -1.55394 0.982144
 v -0.902809 -1.55394 1.12722
 v -0.902809 -1.55394 1.27229
 v -0.902809 -1.55394 1.41736
 v -0.902809 -1.55394 1.56243
 v -0.902809 -1.55394 1.7075
 v -0.902809 -1.55394 1.85257
 v -0.902809 -1.55394 4.02864
 v -0.902809 -1.55394 4.17371
 v -0.902809 -1.40876 0.111717
 v -0.902809 -1.40876 0.256788
 v -0.902809 -1.40876 0.401859
 v -0.902809 -1.40876 0.54693
 v -0.902809 -1.40876 0.692001
 v -0.902809 -1.40876 0.837073
 v -0.902809 -1.40876 0.982144
 v -0.902809 -1.40876 1.12722
 v -0.902809 -1.40876 1.27229
 v -0.902809 -1.40876 1.41736
 v -0.902809 -1.40876 1.56243
 v -0.902809 -1.40876 1.7075
 v -0.902809 -1.40876 1.85257
 v -0.902809 -1.40876 4.17371
 v -0.902809 -1.26359 0.111717
 v -0.902809 -1.26359 0.256788
 v -0.902809 -1.26359 0.401859
 v -0.902809 -1.26359 0.54693
 v -0.902809 -1.26359 0.692001
 v -0.902809 -1.26359 0.837073
 v -0.902809 -1.26359 0.982144
 v -0.902809 -1.26359 1.12722
 v -0.902809 -1.26359 1.27229
 v -0.902809 -1.26359 1.41736
 v -0.902809 -1.11842 0.111717
 v -0.902809 -1.11842 0.256788
 v -0.902809 -1.11842 0.401859
 v -0.902809 -1.11842 0.54693
 v -0.902809 -1.11842 0.692001
 v -0.902809 -0.973242 0.111717
 v -0.902809 -0.973242 0.256788
 v -0.756832 -1.84429 0.111717
 v -0.756832 -1.84429 0.256788
 v -0.756832 -1.84429 0.401859
 v -0.756832 -1.84429 0.54693
 v -0.756832 -1.84429 4.17371
 v -0.756832 -1.69911 0.111717
 v -0.756832 -1.69911 0.256788
 v -0.756832 -1.69911 0.401859
 v -0.756832 -1.69911 0.54693
 v -0.756832 -1.69911 0.692001
 v -0.756832 -1.69911 0.837073
 v -0.756832 -1.69911 0.982144
 v -0.756832 -1.69911 4.17371
 v -0.756832 -1.55394 0.111717
 v -0.756832 -1.55394 0.256788
 v -0.756832 -1.55394 0.401859
 v -0.756832 -1.55394 0.54693
 v -0.756832 -1.55394 0.692001
 v -0.756832 -1.55394 0.837073
 v -0.756832 -1.55394 0.982144
 v -0.756832 -1.55394 1.12722
 v -0.756832 -1.55394 1.27229
 v -0.756832 -1.55394 4.02864
 v -0.756832 -1.55394 4.17371
 v -0.756832 -1.40876 0.111717
 v -0.756832 -1.40876 0.256788
 v -0.756832 -1.40876 0.401859
 v -0.756832 -1.40876 0.54693
 v -0.756832 -1.40876 0.692001
 v -0.756832 -1.40876 0.837073
 v -0.756832 -1.40876 0.982144
 v -0.756832 -1.40876 1.12722
 v -0.756832 -1.40876 1.27229
 v -0.756832 -1.40876 4.17371
 v -0.756832 -1.26359 0.111717
 v -0.756832 -1.26359 0.256788
 v -0.756832 -1.26359 0.401859
 v -0.756832 -1.26359 0.54693
 v -0.756832 -1.26359 0.692001
 v -0.756832 -1.26359 0.837073
 v -0.756832 -1.11842 0.111717
 v -0.756832 -1.11842 0.256788
 v -0.610856 -1.69911 0.111717
 v -0.610856 -1.69911 0.256788
 v -0.610856 -1.69911 0.401859
 v -0.610856 -1.69911 0.54693
 v -0.610856 -1.69911 4.17371
 v -0.610856 -1.55394 0.111717
 v -0.610856 -1.55394 0.256788
 v -0.610856 -1.55394 0.401859
 v -0.610856 -1.55394 0.54693
 v -0.610856 -1.55394 0.692001
 v -0.610856 -1.55394 0.837073
 v -0.610856 -1.55394 4.02864
 v -0.610856 -1.55394 4.17371
 v -0.610856 -1.40876 0.111717
 v -0.610856 -1.40876 0.256788
 v -0.610856 -1.40876 0.401859
 v -0.610856 -1.40876 0.54693
 v -0.610856 -1.40876 0.692001
 v -0.610856 -1.40876 0.837073
 v -0.610856 -1.26359 0.111717
 v -0.610856 -1.26359 0.256788
 v -0.46488 -1.69911 4.17371
 v -0.46488 -1.55394 0.111717
 v -0.46488 -1.55394 4.17371
 v -0.46488 -1.40876 0.111717
 v -0.46488 -0.53772 0.982144
 v -0.46488 -0.392546 0.111717
 v -0.46488 -0.392546 0.256788
 v -0.46488 -0.392546 0.401859
 v -0.46488 -0.392546 0.54693
 v -0.318904 -1.69911 4.17371
 v -0.318904 -1.55394 4.02864
 v -0.318904 -1.55394 4.17371
 v -0.318904 -0.53772 0.111717
 v -0.318904 -0.392546 0.111717
 v -0.318904 -0.392546 0.256788
 v -0.318904 -0.392546 0.54693
 v -0.318904 -0.247372 0.111717
 v -0.172928 -1.69911 4.02864
 v -0.172928 -1.69911 4.17371
 v -0.172928 -1.55394 4.02864
 v -0.172928 -1.55394 4.17371
 v -0.0269512 -1.69911 4.02864
 v -0.0269512 -1.69911 4.17371
 v -0.0269512 -1.69911 4.31878
 v -0.0269512 -1.55394 4.02864
 v -0.0269512 -1.55394 4.17371
 v 0.119025 -1.69911 4.02864
 v 0.119025 -1.69911 4.17371
 v 0.119025 -1.69911 4.31878
 v 0.119025 -1.55394 4.02864
 v 0.119025 -1.55394 4.17371
 v 0.119025 -1.40876 4.17371
 v 0.265001 -1.69911 4.02864
 v 0.265001 -1.69911 4.17371
 v 0.265001 -1.69911 4.31878
 v 0.265001 -1.55394 4.02864
 v 0.265001 -1.55394 4.17371
 v 0.265001 -1.55394 4.31878
 v 0.265001 -1.40876 4.17371
 v 0.265001 -1.40876 4.31878
 v 0.410977 -1.69911 4.02864
 v 0.410977 -1.69911 4.17371
 v 0.410977 -1.69911 4.31878
 v 0.410977 -1.55394 4.02864
 v 0.410977 -1.55394 4.17371
 v 0.410977 -1.55394 4.31878
 v 0.410977 -1.40876 4.02864
 v 0.410977 -1.40876 4.17371
 v 0.410977 -1.40876 4.31878
 v 0.556954 -1.69911 4.02864
 v 0.556954 -1.69911 4.17371
 v 0.556954 -1.69911 4.31878
 v 0.556954 -1.55394 4.02864
 v 0.556954 -1.55394 4.17371
 v 0.556954 -1.55394 4.31878
 v 0.556954 -1.40876 4.02864
 v 0.556954 -1.40876 4.17371
 v 0.556954 -1.40876 4.31878
 v 0.70293 -1.69911 4.02864
 v 0.70293 -1.69911 4.17371
 v 0.70293 -1.69911 4.31878
 v 0.70293 -1.55394 4.02864
 v 0.70293 -1.55394 4.17371
 v 0.70293 -1.55394 4.31878
 v 0.70293 -1.40876 4.02864
 v 0.70293 -1.40876 4.17371
 v 0.70293 -1.40876 4.31878
 v 0.848906 -1.69911 4.02864
 v 0.848906 -1.69911 4.17371
 v 0.848906 -1.69911 4.31878
 v 0.848906 -1.55394 4.02864
 v 0.848906 -1.55394 4.17371
 v 0.848906 -1.55394 4.31878
 v 0.848906 -1.40876 4.02864
 v 0.848906 -1.40876 4.17371
 v 0.848906 -1.40876 4.31878
 v 0.994882 -1.69911 4.02864
 v 0.994882 -1.69911 4.17371
 v 0.994882 -1.69911 4.31878
 v 0.994882 -1.55394 4.02864
 v 0.994882 -1.55394 4.17371
 v 0.994882 -1.55394 4.31878
 v 0.994882 -1.40876 4.02864
 v 0.994882 -1.40876 4.17371
 v 0.994882 -1.40876 4.31878
 v 1.14086 -1.69911 4.17371
 v 1.14086 -1.69911 4.31878
 v 1.14086 -1.55394 4.02864
 v 1.14086 -1.55394 4.17371
 v 1.14086 -1.40876 4.02864
 v 1.14086 -1.40876 4.17371
 v 1.14086 -1.40876 4.31878
 v 1.28683 -1.55394 4.02864
 v 1.28683 -1.55394 4.17371
 v 1.28683 -1.40876 4.02864
 v 1.28683 -1.40876 4.17371
 v 1.43281 -1.40876 4.02864
 v 1.43281 -1.40876 4.17371
 v 1.57879 -1.40876 4.02864
 